Drag
0.014400005
Gravity
0.0,0.0,0.0,0.0,0.01,0.0,0.0,0.01,0.0,0.0,0.01,0.0,0.0,0.0,10.0,0.0,0.0,0.0,0.0,0.0,0.0,0.0,0.0,0.0,0.0,0.0,0.0,0.0,0.0,0.0,1280.0,0.0,0.0,1.0,true,false,null,END_VALUES
Home
0.0,0.0,0.0,0.004348755,0.005895996,0.0,0.0,0.0,0.0,0.004348755,0.005895996,0.0,0.287,0.0,10.0,0.5,0.0,0.0,0.0,0.0,0.0,0.0,0.0,0.0,0.05,0.0,0.0,0.0,0.0,0.0,0.0,0.0,0.0,1.0,true,true,null,END_VALUES
Home Linear
0.0,0.0,0.0,0.0,0.0,0.0,0.0,0.0,0.0,0.0,0.0,0.0,0.0,0.0,10.0,10.0,0.0,0.0,0.1,0.0,0.0,0.0,0.0,0.0,0.005,0.0,0.0,0.0,0.0,0.0,0.0,0.0,0.0,1.0,true,false,null,END_VALUES
Wind
not implemented...
